[Variables]
nozzle_expansion_applied_offset = 0.07700000000001328
nozzle_expansion_coefficient = 0.055000000000009486

