[Variables]
nozzle_expansion_applied_offset = 0.08250000000001423
nozzle_expansion_coefficient = 0.055000000000009486

